[137.79701233 160.74980164 151.35133362],0
[225.62353516 231.71000671 214.95161438],1
[159.45011902 171.78100586 161.01437378],2
[139.57295227 154.08979797 162.35752869],3
[134.53970337 164.17500305 142.80863953],4
[159.31723022 138.22441101  90.22062683],5
[163.30516052 176.85198975 168.55970764],6
[172.33335876 198.04077148 185.33607483],7
[151.46763611 184.13671875 185.88768005],8
[147.59468079 167.65359497 165.45550537],9
[122.83146667 134.06088257 110.53056335],10
[126.28924561 136.24238586 101.26531982],11
