[143.46594238 164.20826721 166.89585876],0
[155.31491089 164.73728943 153.35263062],1
[159.09228516 188.19758606 182.71066284],2
[141.27731323 171.10905457 180.49732971],3
[103.69418335 143.25878906 109.90478516],4
[157.20179749 144.2494812   98.76580811],5
[132.4296875  143.04769897  91.6446991 ],6
[ 72.78250122 121.09666443 119.49835205],7
[127.25741577 118.87953186  91.02270508],8
[146.94181824 118.97108459 107.74113464],9
[153.99441528 149.30711365 103.92276001],10
[118.54867554 125.85736084 100.96853638],11
